$ANSIBLE_VAULT;1.1;AES256
30303435633563373362326662313230386635343237346234326336353164623265346466356665
3031633438393338366439383235663935333662623433610a663933363137343935353164333535
33386537653666366137653165643334613239376533333566303163656235663833666139313030
3336323032343463300a373962333266646263636262366464653930353632343531373031356666
36316162316139306331313433396261633734383163663839356631613131336666343334613162
63343333363130366135626563313033653233363535663637343738313065316665643534643737
30653863663232393732653236343333396333333866653433343631376634376534306464386635
66303430653561643931613864326133353836343135363664376631393062323064613031353264
63366231613931633262316433373033353734333433306563373535643031306262353537383563
33343439636235383666616434633835383363303931303563376364633230373139306665343638
37356665353731383138633965306366636531323061313037656634323431323639386632643466
37616164353766636463643630313466333463353164323237373966656531386139393063643262
33333430353333613863363331613836306630306462376262646161666564646530353137383865
30626439613164666235326564646130363333633066303835363863643839383032383439383330
33623630663238626335346562623636353139613537366332616136376638623435643634383065
31633061363164633163616238646634356533653437643239363362646631343533316530626435
65626262616631613039383939376331663132616231393632343739646266653834323435653361
31356435346333623439353566666436646539383462366339623965376630303937383334323466
30306364303739383565326464306366363264626165376635633463613638636638633437646634
39346566373337646339643762656662323436343265626530313466623964646336343930623663
62643532646661333164353839653233346230313438306461643031366135383436313032656633
64623961616439376233643036363963356565313738333734343637326637623731636364633639
32316332383365353937656638316164343364343134353131343665376631633233626331663439
33376438353162373933333163626433616364366362316336376330343566663164616662643931
31306263643031386635316262316163636363653139653332643036663563623630336166613564
3663643632303235316436616365313531633962333664386334
