$ANSIBLE_VAULT;1.1;AES256
35656665323438333361643632333763353734643663663439663166633939373338313739626439
6163653036373634343731633838333635626432353937640a616234656336636266313535373938
33386162366135376430353564653835343139376536346239353235316362643439393332353035
3165353132633338610a633334343233346436633235373865386438336161653539633035326338
33656336316432643039303666313731376666383730373435386532343364363130613335306136
36373461666635383133386138623363303264626661653135376465353031643739316338643438
37313435396165303237653832393863396561333833323764306135386237376433333432366132
64626364363734326362393962653263343935303662666133303435376231663733313462393536
34633937393433663831306662313432326532363134306164303363393337666134313061363038
37356534396336343333386263356462626433316131393231653332336533656339313233656261
38396337303664333164336438616234306437613065383264316632613137356463333737653966
39303366333433643963316332343035363737663063303236363436653132666335636439613538
66346266316639633434663130666133356163303631656238366163326465666262353134343364
64336337373039643562333934326665396666383931393462633166646238386436633030363062
32373463393738303139633236376131353639616637383164656262653631366433383035323838
31613139323263336431306365363438373962353930653666653161326163623465343835346338
37346166343935323739613632613965623462346264306164383530373831666234343538396664
38396466303639663232316263313061633430613833616130376462336639636332663533313238
65646438653638613733373636356230633933383030616466346537316639663431306138363265
61633362353332303361643061333764613836316265653363643131336430383466303266306233
62313939623137346161353539356339363231326632666433643539376565353131636434313638
32336264393434636330663466643363383266663839313531383865613435623062336135623565
63303435323861323965626637323563663265366466306530366232653935396466623532653965
64613937626361386631356536633262653734303865343063623031363866623139303161626561
66333335636164323936656539666336383866616462323930386636356464646161666338366462
3265653432633864643631383962373733326561353435326232
