$ANSIBLE_VAULT;1.1;AES256
65303232626436666239373864376634663165313534336666386131386166303939613631646264
3132303962306533373739646162326237366635303961340a623835633763343938343262386237
66333662663231383836373930653565303834396463666161386566613831633365653431323435
3261313261393736350a656236396665646139643036346562383964643265663236613238373332
36383266386365366263633034633239343862353135633661316435396630373262336133643734
36643265323934613432303832323861626133356361386566636530363963376533346664353061
36633531343566356165363261376232643531303037306439393734643335343565356662383535
32306638613462646665636433333437356361666164353130383336666333623530666534326263
30376562393139653030643630643336343765336433613832646334643434333766663961343632
34393461613132626166346461353030636561626134396136353834613362663264353331313638
35323335363236623939323535353031383830366362306365383039373231643538643166653534
37656631306335316265396531373666363937356432356331303364383530653837656562303237
31356561363431643436373830316632666364653232373365643965323230383563356566323936
30663930393463303666393135623537653936383764346531353861323835656437396536633863
38663662663033626332633065323261643033636632656238353561343735643665623262366337
35343938363162623134613932666235663331613061393035343366376438353766333139643638
30663631616162323938626366613039353562306166653936316234356465396162396362383065
34306361393432663161336533336139326433393063623262333062646433313535356137373035
653363393163613163316435316530613232
