$ANSIBLE_VAULT;1.1;AES256
34373432366138326237303462663162353866633937363638306133393835383537396633653963
3164636161653131633135383435326161306631663761340a656639323731323164653865346561
62323963303563323934613135333731616166366333333161323533303162333465646333653237
3231303030656565620a656433333739653730633064393466666333653730626436306361326433
39633764313165366666386339646337363663333039633664363738346163653065303632643738
32326131663337363939653363363666616166636161366339393038633836336533633337356538
62363835316664343633393332366530663130336564346263306263313137336338613134306233
65323639633136356463653665323736643535363066646438303432343039303530623963353461
61613962656639646465393534653135373761396463663865303461346261313336313434333536
37666536366535633831396430393763323263343265303332393566656636306539323538376331
30306436373164396461343939653065313065386166623237303931656634303762643531626537
64613439643966613064616663333831613061653234326235396333363262636136343461663536
35316534333635623830376436336135316339363537633636313932343438656365383065326262
39373639626533653039656536306639366534666361303861303266643765653330356132356264
30316661653937353163626366613461663333333766323833383537373738323865663139333537
61323738656332356439373730383937373666643134333130323531383563333064633263663739
33326263353662346662323531313630346339613739313632616334616363613261633239643737
65363536316461663234373762343265316666373463653839346537643331346266663931316363
31396361363937616636353935356234313565333261636337656535373366616532393234313536
33306330356339386332613362383135323833623732386639363132633133353138323537396262
34316262346466393832336532313464663966643566396132346562373438633635666637383235
38343533303264653366313264623038353262303162633733636639363236646533336362636665
65303132333762653934343562346432303862386561646631623135323932316435303731356530
65313239643639616161633332333961323465643861306135323464303563666663333239313464
65656266646163366262643138663463646537353937373530613136366133393035343933663837
63633337313136316264373962313566323439386233333461633239376335393334353264653034
62393933663465353835373330656261303335303534386233333032333564653538336234343163
35353235666665303039613966623239303833656466313166663338316439613066346638363661
30623566353534333837353436633639343733393239656331373234333832393766633036373761
66613666303765626431616633343736613431343538623565396432346539623966326439356335
34303863323031323739316438646133353038636136373235336365313062323961653737303239
33636662613539653030303461333039646138663536633662383063643562336132653537386462
31616330653837666236653231306366626561613536353936653837303332343635373961313237
39386664353239396130623964333561333734376436663266366632613062373562323862613536
31323839663565386334393665396231373836383738663835373639636533346163323530333736
32353038353431333063393635373231636237383233383931643835383766396538363833666365
30373931623930626365313934373036623431316163373639633062326562623734376134313062
39366235306461323666663765323462636635333938636337336232326334383065613936376562
63363130326262326333663966336430386365383134343138623566373736373932396361643439
35633532663132303664363032303338366661633531343936326666363836353139633232386434
31643138646166663730366661613261393666383431353561356661663138663831326565363039
63613230623163373963626462363466323664363861396437643664316565343063363835346335
61363234623736613035386437366338396539643261333330636636333035363534366239373431
37383763363234623462646431363833303134663933626130323237306336396563653163633430
30633564613330663937636665376464306439626531353238316139313931303434363261396563
32383638343837313237326265316634316163343564366237373265313136666162636436313833
34643962356336383038333933383834343835366334343135383062316630333465643863396433
33333536323932633166353438633838383263646666333735363633373033333738323865326665
36623263663239643135623532343637303461353836323538303738643639356237616336636232
61333362376234623364616661613866643763356665396266386338663764313861393633353937
31356437346137623434336233613330336564393734653566613135643064653863346265306339
62326233393839373265376332626333623663323131646262663962613361303631343964353635
64363563343164356634326661376466613366393565353663393161323137383665336566376163
30356663613439636431386231393635663632613864363162373139666566363131633931363530
30656532396462323831363765643831626632376132646364393164373466316264326138666230
65306237303033643538653730376238343266623132656362376465323637663538633661656261
37303866386236383632353632373136326664633564363733313038333334353666613165323936
35303536666531666133343239656432363064666465386364303539363238313739353634356466
34666236613830353834383764623536383965643539653634663862643537353264366139346662
30623561663639336365636264373836653366323334333738386566386465356231623261316230
30343736666561666431376433393062643536656663316231626437666565346362313138326464
62363762376635343538393239306138386535633031643062396537656439373433356430333264
66383265373264313734353033323637376130623932646136646130636637613130663436326632
31633666633036666463343832393235623536343730633333383430353861363865616166666463
63386465643138373335306637303061333934663134326163363762643631346133363134363232
66313634383862663832353635653430376436623861613032316665343135626435386433343434
61303463326431373936393934613437623365306631336564343739623635373730616233646566
36343134333633646135363738643935636161656339643334343632353334346632643933626636
34306530363563393637626539663134376630616639653766373262313662306166613430373731
62386335653739663632306166663930346564323163653664363431616166363131633134373631
62316534383139663163343935653435386466363734623134306538373333383434656332333334
62383837323463646361663435316566623633353631336262393061646533373662383333613838
38346235386363323937616134653434643861643636653165306461353331363765623665316233
35636365643038666261343161383936613631383166646664636538663865353431653035616531
34643965376263333262613838323930333839323733303334313931396530336335633534373238
38363664623332623635653261323532316632373035363061343764393037376137353735393263
31366366316133356266636532393830313564386230366666386233646161626164316635376237
30623239303837373763393038613433306461333363313734383036666332626565303335623665
33313265623536656132303534396566643238636233353134323066356136333937633130623666
39373938643537643137346332363435366536373934346462633838313964393333323664353261
30373538643963616339663833636364633639336365336163663062333336323861393532306664
63623334353837336537373133366632366434356435616439356262316361643830323830346462
63643666323564353835636565306430316132356532393266353939396263343963656434353836
36653963633066306264363039616138663730313566313731386664383137666237313239333639
63656563323035323065336238363366326363323166366365646333326661343238
