$ANSIBLE_VAULT;1.1;AES256
38653362373166393431636566373838626335643334343462663064373630336564663432653961
3534613032316139663335393461353231643761373865610a313332376165366438376536303236
31383634383933386665383565396563363936346262373330666336616532323638326166303138
3334626365326263320a386438653738303565653839333263346336356266323662356361633064
34373034376132346466636130363461616266646563653161626562356531356663383864333037
33616164336330643232616130646336373633356262636633373633666635336162306161306237
33613436303234623563383765663239303133656564346264356236303338343031643239323335
35616231313131653165626236616262643964666336393831333865326462636536323062323834
38313137626564386633646437386363613934396366336335373366336564666362623562396665
63613337373136636464323862633834363061343439303730306538626638393435653234616263
36343535393130623235353131303630613537656330353566326638663166333164613964333630
32653333366239336666643163326438633835633435643661383730356435353539613135313735
38666131656262366336663363623961393438656464353561623536616134326364313162346239
35393030613333393765323839393261383562316234623432333733396365623538653730353936
31333964646339636462396534636134303831306434663165336261363166363734636664326639
63666634663339626565353330353334393766313136616334363036396164383831656638613237
34336336643566353865323465333134383634343165393161633732303063316235363537316335
31383762386466353830383661306361396535333537666533353936363066613663336261386166
39613135383835383330623239326463613162353632393134356461656362346532396365336430
32383535393933616334363539343464353966666262313432396334396635666166626631616365
32633464303362633132303037633566623637353239313430373764363737646330623531303136
36333765623631623661383131663330643434646538396530396438653834653163373861636233
39633262393133666231366465353732626631323436623533343933656634303333613731623062
35643431386138326138636634316161313262353935336630363630303965626133613162313066
66613934616430363730323838333135346130336231623764306462326566313666326139666139
32616433353038333236653862616264373536626562633036663835613765383862646435616563
30623336363864353135663435633266326364306438643230363063646266663333326330396136
63393235373035623437303632646561656631313262306431356332383632646232663938613465
62323532353265643736636663346536356662323639396431633762623562653966663536316565
36373139336161386435396433313165333561623437313161333462383738633835343666613637
39313563313837386631653637633063393831313433343831333038303663646439613039386633
66383931643833363934346265613839343437323665633338333334303430336163303264653066
38396464336236393835303233656261373465306463366666346534336335653063636336353432
64326339613231396633383234333235313232343837356133636462346463656530663631333462
66343537373235643934366235646164383834656235383532643236376362623537383332326662
31386439623639356434343536633236346235353931333266633461336166353731333536323533
61633963663439346165346135306164316532393365633565353364353365353830373838626332
30626462356266353534373330653538336162653036363437666464666437393736306531313161
30363837363036323333613232313163303661646639663834636438623035306461316238663031
38306364613361363339303637393230306635333639643766613564626236633637356537356163
31633766313738393536333031623638363761366330383065353864303932383237396533306261
62326665343131326430386133316538623431356238383834376236306235316463383563393665
30303232623036316431336237333063363935633337393534313763366230363964356633636536
36386532333736346332663035636265656532393637643765656466326431353236633837366163
65663962613562623834626463393031346464313339653037613766613433656435636665666638
66653039663765616262643861326130366232316265343664653135323831636364303365353465
61313965623663386630623436626139363832313562366562346262666134376437636566373565
33623339383866396661386531646231666137343930313932363365623863393630666237646334
33353232366336363665393966363233303530303664643832613764663430396464633835336633
31663561353836343234366665323761343730616233623936386563306135363564376535326338
36323065363365363232316566653330333666303132306233313531313730353562633664313636
30626135303035373163346532316137666563626365626264333338346231373465663932333364
63323935343962343662653135393039313335666337336564633436633661333566373530623330
3537366533613636313564643537373536653834656361626338
