$ANSIBLE_VAULT;1.1;AES256
37666235306663396532623539613033393939376536383931653533666363613630303361653665
6131373031656236383362303439343665383463303834310a653730666165616262346665316138
30346664353664303238313163393835306262326634393164616665666433636366626535633361
3561343133383130310a633862646361663931363934303333313433646336383834306332346665
66666665313062633238656534383035346661313038333664356266363038643563326561343337
35643061303163396465346265376139626338303661626239393233386532633863303162643831
61646365636165333962386231643539646130356132663266633734353162383031313237306432
64326363613764373136666239356534626561643765336565643531626334366534383037303762
34346365663832636437643832373930336466643662623631666431333961386661303735323161
64366163616236343133663563346162393434646334656264353634613031363231326338653763
64326631323235633665333538613530663239636461396461653564376132373335373738633634
34623364393539376239363630613136316530653564633930383236393861323861326666313538
63366431333362386561633865626234316566356539653836393162393162336166316534396533
31336461373965666663393935316665343333386161656133346536623939666339626638333733
62353064393434396461353739643063346263353261393039376234343439323032313034383532
61373737626138623863616538616639333334636533346263316165663466653032353766316338
36316636633037366333343438383032373166376261376237303834613964386463646231313036
34396436643863353230326338663137393166353962323934383434313536383261643632663766
37336537343232326562333361383237386564326266316165313465306635353235653066366565
37333637636238353536303964376264623937323139613731313231393339393462356539356163
30396439313934616532613436316432333739636334633839376231366266303063623531343938
39393334373862636436616637333463633132626539313330316231386565336139646536383831
62656133633331336265366332353463656530393333303437326164623132663433396365336538
62396333303432333565613731313339386364396163626562373136643561326537373863623235
31393165396236633736633561333835336132333432663537366137623464656234306431383864
30613661626665326465633231386138623935656537653733363837393132376137333338383965
31663665343137613230303366643963656365316662373738366237653461623630653631633939
31383532613931356336633361353661656637356332656262656362633431346534323564363462
36313438313934333131656535643961363966343538356232643166363837383038666638323166
32383234623930366664626637376236333466323564616637363237343139313863633639653230
32356561346666356663303438643464613533326431343339323932383431313564646536316465
65393632306636346535656366336334336363383632633037383132373865323232393133666234
33386631613030636235356464643036623531343435313733623862663835636334313832356331
63643531306137353365333263636264626133366662646536616262373132353766666262303264
35613032396138313035666133333764346165373430656334366533356431633237386339636633
37383539646261613431656662313066363231643832333833363364376532326335373537363061
38336562376661373865633662613833616561623937663263373862636232616337393565616161
37366330323033653630366366663462643530376562393235623361373565333966643361643266
30373335323664623664656337323866303536626533613964383433326232383634636537373962
61626266613862376263613839393066663839303134393761653965666132356665316630666365
64363533663466636165323632343137623933656230346636646661323834353966376265613061
32633665373632326162323664353733323935663836613935386162643866626266323833633232
61626230383538306563323934623336653731316331633564323963313635376165656262666630
32613263366230643037306265616363353361353861386463663932326363373630396164646136
65613737623765353433643964343165306461613937333938316433616233366564323435666333
37626639336238356437383633643562663762383638383231633538653361663665343930396637
34663334363339353838363763636231656439303231623432373636656133646538396539623063
39393331666436663561613935326536616530363465393766663135646539306532663639386465
35303736333235376661643465303738643833343035643230333638306162313761303731623331
32333938643163633232343661656638313734376163303531356431333866666531666230373562
66323136386237343130386432336534323431323234393661396335616131373037376131393732
66386165383035313662316262356531353362353462613938346536623066393438343732636134
37616635313734643830633964356137316661353936646437396163343961633132376265323239
34353530643961616435393135343931343430626366393436323666373062336461306164383563
39363261326233393734646462323861616638643163613832333966313265613661356531616265
37613733376466666234656130613430353461366239343161663663653166366235363039643030
33393936623561306135333134666433363635313734626666363337393034393664383739663663
63626331663939376336653238626438386137666162343962383039373730633238396136666136
38333763316661366533623630663935363535376538386234333164363964373835346637346235
35663030636633393863366233663836643231343937666330626264366331663530626636616332
64663366303165633761323330633330623866653035303739336662346539663439646464383065
62393631306364356131356265323735383138383366376534616161623661663734306536346532
31393961616263336565623332373430663565326133363831393932393462316438366565343864
37313232623966303834363166333961643533373164303531663039656439313132376136626338
34343235383432656434653666626238316666396635323962383261363863643762623365313332
63633732356465626531663830646262646638356138386636333063333235616165383463326532
30363661396664616231613335633863393038373061386232636137366236303730393133323562
32636335366564656431616337343932656562656639326466333132326133613137356662666135
37306539393562643037363266316230373839326237663031383130653566626161343135343331
66656534326330646332393337363532383030656563383164613235343739313630373431346130
64356635666637353738353039373835653430616437616239393864653762323537333336326333
36623532333663396262623465663864393764326638383733633936323935643339623733376439
38376338343465626165313738626437663133396336326330653338376635333631303663373265
34343039383337363732373731323239336231346665306332306332346136626333646435393238
62353530393837303166353263623566363035623834346638656561646231643331666433613231
66303966383132326664366162633137636632396164316332393365636565303932353936313832
38663039326463323066386366636565396430316566346439393864653535383239386439386662
65393037666433383364303565663037373132636165666663626136663331626336373030626565
63336538626161636639363961626261653835666133376461323166663331386630613161393130
32643937373162343163376462366566336130323732333135306262646337323161313561363364
64303563663065613239643631363532353965336366303031623032353739363938636133633030
37346233333131363466356463393033373532336130383337323935653939316536653533353938
34393563316333376430653464376362336664376537383161363963386635663431326265333930
32373562666362323933303536666233336430313937636437613038613730343138646133343230
30303833616139626234383736626239303331306435363864306366643530366665636366643537
33663830373261343132333230363939613662333265336639346539636261636137643065663830
33653466386239303137616231306439316632346532386639653930353837653938316532356236
37353130396133626633636361643865633131303530383432353133366231383561643933633138
34666239366466353138373164313639353134363533383635376139623862316138373763396339
63353130386564303062373165383662636531336132613063613931376561343363613163353233
64393336373632666466326361383039306431366335343739343536356337346232643836353631
37343136633730306363393439346564616238363261323363383132366132363763316635666430
3563
